100.0
0.0,1.0,10.0,
0.0,1.0,100.0,
0.0,1.0,1000.0,
0.0,1.0,100000.0,
0.0,1.0,100000000.0,
0.0,1.0,1000000000000.0,
0.0,1.0,1e+17,
0.0,1.0,1e+22,
0,10000000000.0,1000000.0,[1, 1, 1, 1, 1, 1, 1, 1,]
0,1.0,1.03,1e+50
1.25,1.12,10
1,335744544302592.0,291.0211393901791,[Y,Y,Y,Y,Y,Y,Y,],True
[],[input,input,],[Y,Y,],
711616.5966165756,[1357.1102077800285,26.76074850000073,7.404500000000296,3.0,],[1048576.0,512.0,16.0,4.0,],[476837158203125.0,476837158203125.0,7812500000000000.0,1e+16,],[21,10,5,3,],True
